patients = {
    %2011  63 M
    struct('DBP', [80 81 82 72 71.5 71 85 84 83 78.5 78.5 76.5], ...
           'SBP', [116 117.5 122 109 110 110 115 114.5 114 134 127 122], ...
           'PTT', [0.2765 0.27 0.2703 0.2362 0.238 0.2369 0.2736 0.2649 0.2643 0.2386 0.2364 0.2414]),
    %2002  63 F
    struct('DBP', [81.5 82.5 83 73.5 73.5 74.5 67.5 68 68.5 67 69.5 66.5], ...
           'SBP', [102 102 101 107 106.5 105.5 105 105 103 109 103 98], ...
           'PTT', [0.1935 0.203 0.2102 0.204 0.2231 0.2278 0.1859 0.2337 0.2245 0.2009 0.1912 0.2109]),
    %2022 63 F
    struct('DBP', [74.5 73.5 70 61 65 64 68.5 65 64 70 68.5 65.5], ...
           'SBP', [119.5 115.5 114.5 104 107 102 110.5 107 103.5 109.5 106 100], ...
           'PTT', [0.2149 0.2308 0.1787 0.1875 0.1883 0.2372 0.2209 0.2234 0.2313 0.2069 0.2251 0.2222]),
    %2024  63 F
    struct('DBP', [84 83.5 82.5 83 84.5 83 85 84 84 86.5 87.5 89], ...
           'SBP', [127 127 125.5 121.5 119.5 118 126 122 122 134 129 130.5], ...
           'PTT', [0.251 0.2393 0.2532 0.2292 0.2331 0.2605 0.265 0.2638 0.2805 0.2538 0.2374 0.2677]),
    %2025 58 F
    struct('DBP', [65.5 60.5 60.5 64 62 62.5 68 68 67.5 71 69.5 67], ...
           'SBP', [94 92.5 92.5 99 100.5 108 104 100.5 99 101 104.5 102.5], ...
           'PTT', [0.2492 0.2735 0.2802 0.239 0.2587 0.2502 0.2781 0.2741 0.2939 0.2778 0.2709 0.2846]),
    %2029  55 F
    struct('DBP', [60.5 60 60 76 74 73 61 63 63.5 60.5 61.5 61.5], ...
           'SBP', [86.5 86 83 102 102 99 98.5 96 93.5 85 87 91], ...
           'PTT', [0.2454 0.2513 0.255 0.2465 0.2496 0.2574 0.2485 0.2558 0.2485 0.2469 0.2546 0.2548]),
    %2030   63 F
    struct('DBP', [66.5 67.5 70.5 73.5 72 70.5 74 72 70.5 65.5 65.5 65.5], ...
           'SBP', [112.5 108 103 111 111 109.5 103 105.5 101 102 100.5 100], ...
           'PTT', [0.2682 0.2607 0.2694 0.2606 0.2469 0.2493 0.2455 0.2419 0.2613 0.2774 0.2661 0.2636]),
    %2033   64 F
    struct('DBP', [63.5 63 64.5 67 65 65 50 50 50 50 50 51.5], ...
           'SBP', [94 95.5 97.5 105.5 102 100.5 82.5 82.5 82.5 84 77.5 84.5], ...
           'PTT', [0.2435 0.2527 0.2072 0.2365 0.2003 0.235 0.234 0.2382 0.2292 0.2221 0.2183 0.2267]),
    %2038 64 M
    struct('DBP', [81 80.5 79 74.5 75 74.5 81.5 82.5 83.5 77 75.5 75.5], ...
           'SBP', [126.5 128 126 121.5 110.5 106.5 136 131.5 127.5 119 117 115], ...
           'PTT', [0.2228 0.2206 0.2205 0.2444 0.2269 0.2282 0.201 0.2156 0.2093 0.2064 0.2317 0.2195]),
      %2040 53 F     
    struct('DBP', [70.5 69.5 68 58.5 60.5 61 62.5 62 62.5 69 66 67.5], ...
                   'SBP', [109.5 110.5 106 89.5 90 86 93 92.5 93 103.5 101 104.5], ...
                   'PTT', [0.204 0.2141 0.2023 0.2151 0.218 0.2082 0.2137 0.2145 0.2116 0.2393 0.2255 0.2377]);
     %2048 65 F
    struct('DBP', [67 62.5 60.5 57.5 55.5 55 61 62.5 62 61.5 60.5 59.5], ...
                       'SBP', [100 97.5 96.5 92.5 86.5 83.5 98.5 99 97 94.5 94.5 93], ...
                       'PTT', [0.2552 0.2671 0.27 0.2433 0.2494 0.2498 0.2868 0.2791 0.2765 0.2629 0.2742 0.2798]);
    %2051 60 F
    struct('DBP', [72.5 70.5 69.5 72.5 71.5 70.5 67 66.5 65 70 65 61.5], ...
                       'SBP', [110 108.5 109 117.5 115.5 112.5 100 100.5 100.5 112.5 103.5 102], ...
                       'PTT', [0.2153 0.2071 0.2214 0.2157 0.2197 0.2281 0.2027 0.2181 0.2185 0.213 0.2321 0.2283]);
    % 2059 56 F
    struct('DBP', [64.5 66 68 66 66 67.5 67 65.5 65.5 67 71 72.5], ...
                       'SBP', [118 114 111.5 118 118 121.5 109 109 108 124 123.5 123], ...
                       'PTT', [0.265 0.2544 0.2697 0.2379 0.2372 0.2394 0.2509 0.2624 0.2541 0.1543 0.2655 0.257]);
    
    % 2062 53 F                   
    struct('DBP', [57.5 56.5 57 64.5 62.5 61 64.5 65 64 60.5 63.5 65], ...
                       'SBP', [86 84 83 94.5 91 89 95.5 94 93 85.5 87 90], ...
                       'PTT', [0.2659 0.2687 0.2719 0.2599 0.263 0.2577 0.2652 0.2668 0.2522 0.2743 0.2603 0.2586]);
    
    % 2065 60F
    struct('DBP', [72 73 74 81.5 80 80 79 80.5 80.5 65 64.5 64], ...
                       'SBP', [114.5 113.5 110 116.5 115 115 116 116 116 110 106.5 106], ...
                       'PTT', [0.2399 0.2372 0.246 0.2119 0.223 0.1995 0.2152 0.2208 0.2358 0.2334 0.2067 0.2398]);
    %2067 61F
    struct('DBP',[66 66 67 62.5 63.5 63 57.5 56 55.5 69 69.5 68.5],...
    'SBP',[101.5 99.5 98 98.5 100 97 94.5 90 89.5 98 96 95],...
    'PTT',[0.2582 0.2517 0.26 0.2438 0.258 0.2717 0.2455 0.2546 0.2381 0.2477 0.2529 0.2573]),

    %2069 60F 
     struct('DBP',[68 67 67 74 72 71 71 69 68.5 70 67.5 67],...
    'SBP',[97 96.5 100 101.5 99 98.5 97.5 98.5 99.5 94.5 91.5 90.5],...
    'PTT',[0.2284 0.2175 0.213 0.2239 0.2486 0.2521 0.2201 0.2304 0.228 0.2224 0.2221 0.22]),

    %2068 61F
     struct('DBP',[72 73 71.5 68 67 67.5 71.5 71.5 72.5 72 70.5 72],...
    'SBP',[120.5 119.5 118.5 114.5 111.5 111.5 125.5 118.5 114 120 116.5 117],...
    'PTT',[0.2242 0.2296 0.2234 0.2125 0.2065 0.2089 0.2205 0.2158 0.2161 0.1992 0.2154 0.2022]),

    %2074 43F
    struct('DBP',[70.5 75.5 69 68 69 70 62.5 63.5 65 66.5 64.5 63],...
    'SBP',[102.5 106 101 014 99.5 101 103 98 98 100.5 99 99.5],...
    'PTT',[0.2223 0.2206 0.2232 0.2296 0.2273 0.2296 0.2276 0.238 0.2244 0.2302 0.2362 0.2297]),

    %2077 63M
    struct('DBP',[71.5 70 70 79.5 78.5 75.5 69 69 68.5 70.5 71 70.5],...
    'SBP',[117.5 114 113.5 133 125.5 121.5 115 113 112 113.5 114 107],...
    'PTT',[0.2434 0.2397 0.2484 0.2334 0.2452 0.2396 0.2323 0.2407 0.2384 0.2581 0.2492 0.246]),
    
    %2080 63F
    struct('DBP',[64.5 62 60 68.5 67 66 51.5 47.5 49 60 60 61.5],...
    'SBP',[109 107 103 109.5 108 107 94.5 88 85.5 96.5 93 93.5],...
    'PTT',[0.2229 0.2271 0.2195 0.2267 0.236 0.2362 0.234 0.234 0.2278 0.229 0.2304 0.2458]),
    
    %2085 59F
    struct('DBP',[80.5 82.5 82 77 75.5 74.5 77.5 72.5 72.5 73 72 69.5],...
    'SBP',[137 144.5 137.5 131.5 130 125 117.5 115.5 117 127 124 119],...
    'PTT',[0.2223 0.2412 0.2472 0.2194 0.2119 0.2204 0.2321 0.2733 0.2669 0.2702 0.2559 0.2502]),
    
    %2097 64M
    struct('DBP',[76 75 74 70 70 69.5 61.5 60.5 62 72 70 70.5],...
    'SBP',[115 112 111.5 115.5 116.5 113 98.5 98 99.5 110 107.5 107],...
    'PTT',[0.2707 0.2489 0.2562 0.2846 0.2904 0.2596 0.2554 0.2613 0.2513 0.2655 0.2072 0.2531]),
    
    %2098 64F
    struct('DBP',[74.5 71.5 75.5 78 79 81 72.5 70.5 69.5 69 70 70],...
    'SBP',[112.5 105 109 112 110 113.5 103.5 98 95 104 101 101],...
    'PTT',[0.2421 0.2414 0.2332 0.2307 0.2249 0.2199 0.2392 0.2462 0.2491 0.2387 0.2533 0.2414]),
    
    %2104 63F
    struct('DBP',[72.5 73 74 72.5 67.5 66 67.5 66 64.5 59.5 58 58],...
    'SBP',[114.5 109.5 109.5 109.5 101.5 99 106.5 104 103.5 105 99.5 100.5],...
    'PTT',[0.2087 0.2074 0.2114 0.2025 0.2004 0.1883 0.2006 0.2126 0.2045 0.2064 0.2076 0.2016]),
    
    %2105 47F
    struct('DBP',[71 70 73 72.5 67.5 68 80.5 76 74 65 64.5 65.5],...
    'SBP',[107 103 112.5 107.5 98 96.5 112 108 107 97 96 96],...
    'PTT',[0.2414 0.2411 0.2368 0.2531 0.263 0.263 0.2465 0.23 0.2466 0.2513 0.2507 0.241]),
    
    %2110 59F
    struct('DBP',[72 76.5 75.5 73 70 73.5 74.5 74 74 68.5 67.5 68],...
    'SBP',[111.5 117.5 118 133 123.5 128 118 117 116 108 105.5 104.5],...
    'PTT',[0.2067 0.2198 0.2183 0.211 0.2065 0.2066 0.2232 0.2241 0.2077 0.2301 0.2271 0.2221]),
    
    % 2120 64F
    struct('DBP',[97 92 93.5 91.5 91.5 91.5 82.5 85.5 90.5 97.5 95 96],...
    'SBP',[141 142 142.5 150 146 142 143 135.5 141 162.5 160 154.5],...
    'PTT',[0.2356 0.241 0.2581 0.2284 0.2274 0.2422 0.2321 0.2326 0.233 0.2273 0.2292 0.2347]),
    
    %2131 62F
    struct('DBP',[60 62 64 65 64.5 65 57 58.5 58 63 62 61],...
    'SBP',[87 86.5 87 87 90 92.5 91 92.5 90 99 94 91],...
    'PTT',[0.2276 0.2528 0.2644 0.2465 0.2509 0.2492 0.2314 0.2388 0.2481 0.2306 0.2335 0.2308]),
    
    %2146 56F
    struct('DBP',[66.5 64.5 61 59.5 59.5 59 66 66 66 63.5 62 62],...
    'SBP',[97 89.5 86 96 95.5 92 97 96 96 103.5 98 98.5],...
    'PTT',[0.2511 0.258 0.2452 0.2192 0.2272 0.248 0.2496 0.2423 0.2518 0.2259 0.2385 0.2298]),
    
    %2150 31F
    struct('DBP',[62 62 62 61.5 62.5 65 66 65.5 64.5 59 61 62],...
    'SBP',[86 86.5 85.5 84.5 82 84.5 92 87 86.5 94 92 92],...
    'PTT',[0.2699 0.2639 0.2666 0.2608 0.2657 0.2607 0.2806 0.2852 0.2805 0.2604 0.2583 0.2605]),
    
    %2151 61F
    struct('DBP',[76 76 76 66 66 66 69.5 68 68 68.5 65 61.5],...
    'SBP',[104.5 103 102 99.5 100 99 93 88.5 89.5 97.5 94.5 94.5],...
    'PTT',[0.261 0.2523 0.2519 0.2383 0.2464 0.226 0.2353 0.2402 0.2589 0.23762 0.2443 0.2479]),
    
    %2158 40F
    struct('DBP',[84 81.5 80 79 79 79.5 68.5 66.5 64.5 68.5 65 65],...
    'SBP',[116.5 114.5 115 112.5 110.5 110 103.5 102.5 102.5 99.5 97 95],...
    'PTT',[0.2403 0.2508 0.2533 0.2652 0.2672 0.2673 0.2569 0.2497 0.2561 0.2561 0.2751 0.2734]),
    
    %2161 32F
    struct('DBP',[51.5 47 42 58 58 58 66.5 66 64 57 58 58.5],...
    'SBP',[86.5 80 80.5 96.5 93 89.5 90 90.5 90.5 87.5 88.5 84.5],...
    'PTT',[0.2149 0.2131 0.2145 0.2186 0.2257 0.2219 0.2147 0.2154 0.2237 0.2076 0.2057 0.2183]),
    
    %2310 54F
    struct('DBP',[90.5 89.5 87 81 80 79 73 74 75 78 76.5 77],...
    'SBP',[151 165 172 160 158 160.5 134 136 139 140 139 138.5],...
    'PTT',[0.2098 0.222 0.2109 0.2533 0.3002 0.2796 0.2018 0.2007 0.2231 0.2279 0.2505 0.2429]),
    
    %2369 26F
    struct('DBP',[64 65 65.5 63 62 58 62 63 61 59 59 60.5],...
    'SBP',[90.5 91.5 89 92.5 89.5 83.5 91 88 86.5 89.5 87 89.5],...
    'PTT',[0.2158 0.2235 0.2231 0.2309 0.2269 0.2355 0.2296 0.2304 0.2299 0.2447 0.2459 0.2412]),
    
    %2375 58F
    struct('DBP',[61.5 62.5 56 66 66 63 63.5 58.5 60 61.5 58.5 64],...
    'SBP',[105 99 100 92.5 93 93 102 100 100 101.5 98 100.5],...
    'PTT',[0.2195 0.2282 0.2288 0.2455 0.2415 0.2454 0.2373 0.2305 0.239 0.2278 0.233 0.231]),
    
    %2417 50F
    struct('DBP',[78.5 77.5 79 77.5 81.5 86 81.5 83.5 88 89.5 88 87],...
    'SBP',[137.5 134.5 134 146 142.5 139 142.5 144 147 140.5 136 136],...
    'PTT',[0.2113 0.2157 0.2382 0.2456 0.2416 0.2173 0.2302 0.2905 0.2423 0.3224 0.2416 0.2545]),
    
    %6132 65M
    struct('DBP',[104.5 104.5 102 98 97.5 99 87 92.5 93 93 92 92],...
    'SBP',[146 146.5 147 139.5 140 138 118 115 122 135 135 134],...
    'PTT',[0.2694 0.2709 0.2373 0.2345 0.2326 0.2435 0.2671 0.2561 0.2561 0.2625 0.2647 0.2566]),
    
    %2512 56M
    struct('DBP',[82.5 81.5 82 80 79.5 80 89.5 88.5 89 85.5 83.5 83],...
    'SBP',[137.5 136 134 131.5 133.5 135 141 135.5 135 128 130.5 129],...
    'PTT',[0.2167 0.2124 0.2127 0.2033 0.2094 0.2096 0.2031 0.2027 0.2033 0.2054 0.2181 0.221]),
    
    %2420 51 F
    struct('DBP',[77 78 78 69.5 69 69.5 73 73.5 75 77 75.5 76 ],...
    'SBP',[114 112 110 114.5 113.5 119.5 121 124 125 123 121 119],...
    'PTT',[0.2333 0.2343 0.2364 0.2090 0.2146 0.2179 0.2380 0.2263 0.2260 0.2428 0.2422 0.2426]),
    
    % 2421 63F
    struct('DBP',[83 81 80 75.5 77 74 72.5 69.5 68.5 74 75 75],...
    'SBP',[133 131 131 117.5 120.5 120 112.5 110 112.5 125.5 123 119],...
    'PTT',[0.2487 0.2493 0.2576 0.2114 0.2304 0.2339 0.2197 0.2403 0.2422 0.2311 0.2393 0.2316]),
    
    %2428 58F
    struct('DBP',[64 65 64 70.5 70.5 70.5 66.5 63 66 64.5 60 59.5],...
    'SBP',[121 120 119 118.5 118.5 119 119.5 117.5 117.5 120.5 113 110.5],...
    'PTT',[0.2182 0.2327 0.2404 0.2415 0.2448 0.2736 0.2395 0.2222 0.2386 0.2282 0.2202 0.2174]),
    
    %2430 31F
    struct('DBP',[62 61 60 61.5 59.5 60.5 64 64 63 71 76.5 75.5],...
    'SBP',[91 93.5 94 93.5 89 91 97.5 98 97.5 100 103.5 104],...
    'PTT',[0.2638 0.2644 0.2633 0.2463 0.2634 0.2619 0.2491 0.2426 0.2405 0.2523 0.2471 0.2487]),
    
    %2437 51F
    struct('DBP',[88.5 90 93 88.5 87.5 85.5 99.5 98 97.5 90 89 90],...
    'SBP',[140 136.5 138 138 135 130.5 147.5 151.5 152 135 132.5 136.5],...
    'PTT',[0.2640 0.2676 0.2725 0.266 0.255 0.2554 0.2584 0.2691 0.2572 0.2647 0.2582 0.2565]),
    
   % 2439 45 F
    struct('DBP',[67 65.5 67 73 72 70 61.5 63 63 74 70 69],...
    'SBP',[98 97.5 99 106 105.5 103.5 80.5 93 93 105 101.5 103.5],...
    'PTT',[0.2518 0.2533 0.2458 0.2319 0.2412 0.2437 0.2259 0.2228 0.2354 0.2292 0.2384 0.2453]),
    
    %2441 64F
    struct('DBP',[78.5 78.5 80.5 87.5 84 83.5 81 80 79.5 80.5 79 79],...
    'SBP',[153 144.5 141 156.5 148 142.5 163 162 161 152.5 154.5 154],...
    'PTT',[0.2241 0.2244 0.2181 0.2198 0.2188 0.212 0.2244 0.2356 0.2244 0.1946 0.1966 0.2027]),
    
    %2442 64F
    struct('DBP',[61 60.5 62 64.5 69.5 61 70 74 75 73 69 63],...
    'SBP',[148.5 148.5 147 149 139.5 138.5 179 175.5 171 184 180 168.5],...
    'PTT',[0.26 0.2545 0.2897 0.2505 0.2457 0.2422 0.2482 0.2118 0.2207 0.2139 0.2258 0.2239]),
    
    %2630 49F
    struct('DBP',[69.5 66 67.5 62.5 64.5 61.5 66.5 69 70.5 56 59.5 59],...
    'SBP',[111.5 107 107.5 101 98.5 100 114 116.5 116 100 102 101.5],...
    'PTT',[0.2421 0.2396 0.2485 0.2497 0.2646 0.2479 0.2384 0.2355 0.2497 0.2389 0.2295 0.2217]),
    
    % 2633 46F 
    struct('DBP',[69 64.5 63.5 62 61 63 65 64.5 64.5 65 61 62],...
    'SBP',[113 110.5 106.5 106 104.5 104.5 114.5 114.5 116 98 96.5 97.5],...
    'PTT',[0.216 0.2296 0.2225 0.2227 0.2286 0.2245 0.2372 0.2344 0.2366 0.2483 0.2517 0.257]),
    
    % 2637 52M
    struct('DBP',[90 83 83.5 91.5 101 102 74.5 74 74.5 86.5 84 84.5],...
    'SBP',[147 144 140 145.5 151.5 153 127 121 125 143.5 144 140],...
    'PTT',[0.2392 0.2461 0.2459 0.2661 0.2693 0.2694 0.2531 0.2512 0.2386 0.22 0.2076 0.2124]),
    
    % 2650 46M
    struct('DBP',[74.5 72.5 72.5 86 81.5 81 76 75 77 80 76 74.5],...
    'SBP',[119.5 121.5 118 125 121.5 121 115.5 113 116 129.5 130 130.5],...
    'PTT',[0.2157 0.2153 0.207 0.2251 0.2162 0.223 0.222 0.2194 0.2171 0.2375 0.2416 0.2439]),
    
    %2668 34F
    struct('DBP',[82 81.5 80 79.5 78.5 76.5 83.5 81 81.5 76.5 75.5 75],...
    'SBP',[133.5 127.5 126 125.5 124.5 123 141 135.5 134.5 125 126.5 125.5],...
    'PTT',[0.2511 0.2487 0.2501 0.2431 0.2657 0.2474 0.2537 0.244 0.2431 0.2742 0.2744 0.2784]),
    
    % 2672 52F
    struct('DBP',[64.5 60 59 57.5 57 59 63 65.5 66 67.5 68 66.5],...
    'SBP',[104.5 105.5 106.5 125.5 107 123.5 116 116.5 117 116.5 116 112.5],...
    'PTT',[0.2272 0.2194 0.2229 0.2359 0.235 0.2353 0.2382 0.2358 0.2408 0.2491 0.2426 0.2527]),
    
    % 2683 48F
    struct('DBP',[94.5 91.5 90.5 84 83.5 83 88.5 87 86.5 97 94 91],...
    'SBP',[166 163 156.5 141.5 140.5 142 158.5 153 153 167.5 163 145.5],...
    'PTT',[0.1989 0.2214 0.2303 0.2344 0.2243 0.2187 0.1977 0.211 0.2115 0.2608 0.2541 0.243]),
    
    %2685 41F
    struct('DBP',[75 69.5 66.5 66.5 64 66 65 64.5 65.5 54.5 56 57.5],...
    'SBP',[114 108.5 110.5 109.5 107.5 108 104.5 102.5 107 95.5 96 102.5],...
    'PTT',[0.2392 0.2404 0.2419 0.2465 0.2482 0.2417 0.2363 0.2359 0.2390 0.2613 0.2416 0.2473]),
    
    %2693 32M
    struct('DBP',[72.5 69 67.5 68 69 69.5 64 64 63.5 71 73.5 74],...
    'SBP',[115.5 111.5 114.5 117 120 120 106 105 110 117.5 119 119],...
    'PTT',[0.2216 0.2238 0.2175 0.2337 0.216 0.2082 0.2405 0.2418 0.2395 0.2349 0.2311 0.2222]),
    
    %2697 24M
    struct('DBP',[71 71.5 71.5 79 79 79.5 80.5 78 78 72 71.5 70],...
    'SBP',[105.5 103.5 104 118.5 122.5 118.5 121 118 120.5 106 104.5 105.5],...
    'PTT',[0.2316 0.2362 0.2365 0.2229 0.2223 0.2254 0.2334 0.2268 0.2312 0.2211 0.224 0.221]),
    
    %2715 52F
    struct('DBP',[80.5 81 83.5 80.5 79 77.5 77 75.5 75.5 81 76.5 80.5],...
    'SBP',[174.5 167.5 163 146 135.5 132.5 151.5 143 142.5 146.5 149.5 150.5],...
    'PTT',[0.179 0.1833 0.1821 0.2013 0.1986 0.1939 0.2102 0.2027 0.1994 0.2226 0.2038 0.2109]),
    
    %2718 30F
    struct('DBP',[64 61.5 58 60 60 61.5 58 58.5 59.5 62.5 61.5 63],...
    'SBP',[101 95.5 93 101.5 101 102 96.5 94.5 95.5 98.5 100.5 98],...
    'PTT',[0.2353 0.2231 0.2461 0.2555 0.2529 0.2508 0.2475 0.2479 0.2453 0.2407 0.2505 0.2507]),
    
    %2720 52F
    struct('DBP',[70 67 66.5 64.5 64 62 65.5 66 67 69.5 71 70],...
    'SBP',[109 102 95 100 101 100.5 96 94 94.5 104 102 103],...
    'PTT',[0.2416 0.2432 0.2386 0.2424 0.2465 0.2509 0.2273 0.2373 0.2416 0.2404 0.2419 0.2422]),
    
    %2730 42F
    struct('DBP',[100.5 97 93 104.5 104.5 101 101 102.5 102.5 88 88.5 88],...
    'SBP',[162 158 160.5 170 165 164.5 159 157 155 146 142 142.5],...
    'PTT',[0.1808 0.189 0.2074 0.2385 0.2334 0.2465 0.2323 0.2141 0.2315 0.2284 0.2263 0.2269]),
    
    %2740 39M
    struct('DBP',[81.5 76 75 78 77 74.5 73 74 75 72 72.5 73],...
    'SBP',[126.5 123 121.5 125.5 124.5 124.5 119 117 119 120.5 120 121],...
    'PTT',[0.2286 0.225 0.2369  0.2188 0.2188 0.223 0.2309 0.2393 0.2408 0.2253 0.23 0.2243]),
    
    %2752 44F
    struct('DBP',[85.5 84.5 81 82.5 81 81 78 77.5 78.5 86.5 86.5 83.5],...
    'SBP',[146.5 142.5 139 147.5 142.5 141.5 139.5 138 138.5 141 136 133],...
    'PTT',[0.2228 0.2229 0.2203 0.211 0.2139 0.2122 0.2382 0.2377 0.2363 0.2293 0.2283 0.2298]),
    
    %2754 42F
    struct('DBP',[69.5 67.5 68 63 64.5 66 70 68.5 70 62.5 65.5 67],...
    'SBP',[111.5 112 111 98.5 101 102 111 111.5 112 98 100.5 102.5],...
    'PTT',[0.2297 0.2371 0.2358 0.2061 0.2068 0.2257 0.2164 0.225 0.23 0.228 0.2152 0.2251]),
    
    % 2761 48F
    struct('DBP',[71 70.5 69.5 60.5 60 60.5 64 64 63.5 69.5 69 70.5],...
    'SBP',[114.5 113 110 97.5 98.5 100.5 110 113 111.5 120 122.5 118],...
    'PTT',[0.2488 0.2536 0.2516 0.2629 0.2564 0.2525 0.2393 0.263 0.2581 0.2691 0.2687 0.2707]),
    
    % 2762 36F
    struct('DBP',[81.5 72.5 67.5 74.5 76 77.5 79.5 80.5 79.5 73 69 70.5],...
    'SBP',[113.5 111.5 115 126 121 113 128 126.5 125.5 110 108.5 111],...
    'PTT',[0.2256 0.2202 0.2308 0.2141 0.2322 0.2303 0.2346 0.2272 0.231 0.2389 0.2425 0.2331]),
    
     % 2771 37F
    struct('DBP',[65.5 64 62.5 63 59.5 60.5 61.5 64 65.5 51 51.5 52.5],...
    'SBP',[104 105.5 105 107.5 103.5 97.5 96 95.5 96.5 88.5 89 89.5],...
    'PTT',[0.2268 0.2379 0.2294 0.2402 0.2239 0.2291 0.2439 0.2438 0.2491 0.2717 0.2589 0.2633]),
    
    % 2772 36M
    struct('DBP',[88 90 90.5 88 90 90.5 100.5 104.5 105 88.5 88 89.5],...
    'SBP',[144 142 140.5 144 142 140.5 144 146.5 146 142 142 141.5],...
    'PTT',[0.2128 0.2094 0.2163 0.2435 0.2473 0.2475 0.247 0.2335 0.2517 0.2291 0.2287 0.22]),
    
    %2779 36F
    struct('DBP',[81.5 82.5 82.5 77.5 78.5 78.5 75 73.5 75.5 71 71.5 70],...
    'SBP',[116.5 113 119 115.5 115 115 119 121.5 125 123.5 123 120.5],...
    'PTT',[0.2219 0.2345 0.2331 0.2235 0.2367 0.2264 0.2175 0.2171 0.2325 0.2263 0.2415 0.2397]),
    
    %2784 28M
    struct('DBP',[66.5 68 71 65.5 68 75.5 67 65.5 66 64 69 68.5],...
    'SBP',[109.5 111 110 113.5 110 108 114.5 117 118.5 113 110.5 110.5],...
    'PTT',[0.2554 0.258 0.258 0.249 0.2519 0.2511 0.2487 0.2516 0.2415 0.2674 0.2612 0.2612]),
    
    %2794 27M
    struct('DBP',[74.5 73.5 71 74.5 73.5 71 78.5 80.5 80 77.5 78.5 80],...
    'SBP',[125.5 125.5 119 125.5 125.5 119 124.5 127.5 125 117 120 121.5],...
    'PTT',[0.2213 0.2287 0.2222 0.2337 0.2223 0.2428 0.2364 0.239 0.242 0.2215 0.224 0.2238]),
    
    %2837 35M
    struct('DBP',[75.5 75 74.5 75 74.5 74.5 72 71 71.5 71.5 71 74],...
    'SBP',[117.5 117 115.5 123 122.5 121.5 120.5 119.5 120.5 120 121 122.5],...
    'PTT',[0.2179 0.2245 0.2227 0.2353 0.2335 0.2321 0.2185 0.2172 0.2266 0.2258 0.2208 0.2189]),
    
    %2841 47F
    struct('DBP',[81.5 80.5 82 82.5 82.5 82 87.5 88 88 81.5 82 81.5],...
    'SBP',[126 125.5 125.5 125.5 124.5 122 111.5 110.5 109.5 125 126.5 122.5],...
    'PTT',[0.2173 0.226 0.2257 0.2211 0.2185 0.2153 0.2231 0.2202 0.2311 0.219 0.2287 0.2322]),
    
    % 2869 46M
    struct('DBP',[97.5 93.5 90.5 98.5 99 100.5 98 101 101.5 91.5 90 91],...
    'SBP',[145.5 143 141 148 149.5 151.5 147 150 150.5 145 145.5 147.5],...
    'PTT',[0.2397 0.2345 0.2417 0.241 0.2419 0.2361 0.2541 0.2573 0.2516 0.219 0.2141 0.2181]),
    
    %   2876 46M  
    struct('DBP',[86 81 81.5 75.5 73 73 77.5 76.5 76 84 82.5 83],...
    'SBP',[124.5 121 120.5 122.5 121 125 126.5 121 121.5 134.5 133 130],...
    'PTT',[0.2437 0.2399 0.2365 0.2303 0.231 0.2253 0.2461 0.241 0.2408 0.2318 0.2392,0.2392]),
    
    %2887 42M
    struct('DBP',[82 80 82 77 75.5 76 65.5 66.5 65.5 66 63.5 66],...
    'SBP',[133 131 131 118.5 117.5 115.5 107 108 107.5 105.5 107.5 111],...
    'PTT',[0.2314 0.2394 0.2379 0.239 0.2354 0.2444 0.2552 0.2518 0.2522 0.2629 0.2576 0.2556]),
    
    %2888 24M
    struct('DBP',[80 84 85 69 67.5 68 59 58.5 57.5 63 62.5 62.5],...
    'SBP',[128.5 129.5 130.5 116 116.5 118 128.5 128 128 117 125.5 120],...
    'PTT',[0.2638 0.2592 0.2575 0.2764 0.2127 0.2742 0.2775 0.3038 0.2345 0.2142 0.287 0.2841]),
    
    %2891 46M
    struct('DBP',[85.5 84.5 85.5 105 104 104.5 86 82.5 84 98 96 94.5],...
    'SBP',[133.5 133 133.5 153.5 152 151.5 122 124.5 124 153.5 147 144.5],...
    'PTT',[0.223 0.2226 0.2244 0.2312 0.2377 0.2596 0.241 0.2413 0.239 0.2342 0.2333 0.2384]),
    
    %2897 47F
    struct('DBP',[67 66 66 63 61.5 62 60.5 61 63 67.5 65.5 65],...
    'SBP',[108 109 110 111 109.5 110 98.5 101 101 107 107 109],...
    'PTT',[0.249 0.2391 0.2478 0.2546 0.2568 0.2462 0.2626 0.263 0.262 0.2205 0.2401 0.2327]),
    
    %2902 45F
    struct('DBP',[87.5 84.5 84.5 87.5 84.5 85 89.5 89 88.5 82 83.5 83.5],...
    'SBP',[153.5 148.5 149.5 154 148.5 149.5 159.5 160 156.5 161 159 159],...
    'PTT',[0.2274 0.2265 0.2263 0.2433 0.242 0.2386 0.2237 0.247 0.247 0.229 0.2255 0.2385]),
    
    %2919 45F
    struct('DBP',[70.5 68 70 61.5 60.5 61.5 66 64 66 70 68 67],...
    'SBP',[123 122.5 125 114 113.5 113.5 120 118 121.5 123 122.5 121],...
    'PTT',[0.2075 0.2207 0.2234 0.2102 0.2154 0.2195 0.227 0.2391 0.2339 0.2066 0.2075 0.2558]),
    
    %2922 36F
    struct('DBP',[73 71 72 63 66 67.5 64 65.5 65.5 62 63.5 62.5],...
    'SBP',[110.5 111 110.5 98 97 99 107 108.5 108 103.5 102 103],...
    'PTT',[0.2196 0.2194 0.2144 0.231 0.2279 0.2353 0.2441 0.2597 0.2306 0.2097 0.2023 0.2129]),
    
    %2925 29M
    struct('DBP',[57.5 57.5 56.5 77.5 78 77.5 68.5 67.5 67 58 57.5 57.5],...
    'SBP',[109.5 107.5 109.5 113 116 116.5 110.5 111 113.5 110.5 107.5 116.5],...
    'PTT',[0.2702 0.275 0.2808 0.2636 0.2669 0.27 0.2985 0.2949 0.3012 0.2567 0.2461 0.2468]),
    
    %2926 54M
    struct('DBP',[108.5 107.5 106.5 89.5 88 89.5 86.5 87 86.5 84.5 85.5 84.5],...
    'SBP',[143 144.5 143 143.5 145.5 146 144 145.5 144 144 145 143.5],...
    'PTT',[0.2567 0.2548 0.257 0.2301 0.2319 0.2339 0.2272 0.2296 0.2342 0.2387 0.2368 0.2455]),
    
    % 2930 25F
    struct('DBP',[79.5 78.5 78.5 67.5 68.5 67 68 67.5 67.5 65 63.5 64 ],...
    'SBP',[115 109 108 113 114.5 113 129.5 129 129.5 107.5 110 109],...
    'PTT',[0.2332 0.2596 0.2636 0.2504 0.2617 0.245 0.2518 0.2412 0.2396 0.231 0.2336 0.2534]),
    
    % 2932 38M
    struct('DBP',[95.5 97 95 95 96.5 96.5 93 92 93.5 94.5 95 90.5],...
    'SBP',[144 144.5 143 146 149 152 143.5 143.5 143.5 146.5 145 143.5],...
    'PTT',[0.3150 0.283 0.27 0.232 0.2295 0.2401 0.2579 0.2571 0.251 0.235 0.224 0.2227]),
    
    % 2939 40F
    struct('DBP',[79 79 79 82.5 82 82 75.5 70.5 75.5 76.5 73 75.5],...
    'SBP',[123 124.5 122.5 135 134 136 110 103.5 110 134 128 125],...
    'PTT',[0.2181 0.2209 0.2072 0.2066 0.2116 0.2191 0.2146 0.2112 0.2159 0.2175 0.227 0.2206]),
    
    %2940 44F
    struct('DBP',[80 81.5 80 75 73.5 74 83 83.5 85 85.5 86.5 84.5],...
    'SBP',[120.5 121 121.5 114 112 115.5 129 127.5 128.5 122.5 124.5 126],...
    'PTT',[0.2447 0.2635 0.2538 0.2256 0.2329 0.2188 0.2327 0.2323 0.2350 0.2537 0.2611 0.2578]),
    
    %2943 32M
    struct('DBP',[82.5 84 85.5 86.5 85.5 83.5 82 84 83 81 80.5 82],...
    'SBP',[141.5 140.5 143 142.5 136 133.5 142 143.5 145.5 143.5 143 145],...
    'PTT',[0.2457 0.2452 0.2542 0.2564 0.2553 0.24 0.2529 0.2378 0.2387 0.2791 0.2914,0.2912]),
    
    %2947 41F
    struct('DBP',[72.5 70.5 70 74.5 73 77.5 66 65.5 65.5 63.5 64 64],...
    'SBP',[118.5 119.5 119.5 122.5 119.5 119 112.5 109.5 110.5 111 111.5 110.5],...
    'PTT',[0.2859 0.2826 0.2832 0.2642 0.2569 0.2802 0.2901 0.2908 0.2769 0.2692 0.2889 0.2883]),
    
    %2951 55M
    struct('DBP',[66.5 60 60.5 70.5 70.5 70.5 62 59.5 58 62.5 64 65.5],...
    'SBP',[100 105 105 120 119 120.5 109.5 110.5 110 103 106 106.5],...
    'PTT',[0.2695 0.2750 0.2782 0.24 0.2418 0.2445 0.2446 0.2423 0.2489 0.2712 0.2588 0.2589]),
    
    %2954 35M
    struct('DBP',[87 85.5 83.5 79 78 78.5 79 70.5 84 86.5 83.5 83.5],...
    'SBP',[133.5 126.5 122.5 132 128 128 132 128.5 130.5 136 133.5 133],...
    'PTT',[0.2268 0.2181 0.2167 0.2139 0.2204 0.2129 0.2193 0.2127 0.2208 0.2099 0.2081 0.2057]),
    
    %2955 52M
    struct('DBP',[67.5 68 69.5 70 70.5 70 53 55.5 55.5 68.5 69.5 71],...
    'SBP',[111 113.5 114.5 111.5 114 114.5 101 100.5 100 109.5 110 112.5],...
    'PTT',[0.2464 0.253 0.2488 0.2766 0.2747 0.2677 0.2483 0.2535 0.2535 0.2638 0.2227 0.2286]),
    
    %2958 39M
    struct('DBP',[70 73.5 71 64 66.5 64 63.5 65.5 63 63 60.5 60],...
    'SBP',[116.5 114.5 113.5 117.5 121.5 117.5 123 121 120.5 131.5 120.5 125],...
    'PTT',[0.2365 0.2132 0.2344 0.2069 0.2661 0.246 0.2444 0.2063 0.2656 0.2430 0.233 0.246]),
    
    %2962 49M
    struct('DBP',[74.5 85.5 75 70 71 71 64 64.5 64.5 77 73 71.5],...
    'SBP',[120 119.5 121 108 107 108.5 106 105.5 107 131 129 127.5],...
    'PTT',[0.2472 0.2454 0.2559 0.2472 0.2397 0.245 0.2462 0.2489 0.245 0.2566 0.2521 0.2439]),
    
    %2978 48F
    struct('DBP',[91 89.5 90 83 83.5 83.5 90.5 95.5 97 103 100 95],...
    'SBP',[154 147 147 139.5 138 139.5 150.5 153 152 156 154.5 148.5],...
    'PTT',[0.2486 0.2014 0.2987 0.2122 0.2075 0.2189 0.2168 0.2253 0.2319 0.2424 0.2378 0.2408]),
    
    %2989 45F
    struct('DBP',[92 92.5 95 84.5 87.5 87.5 86.5 85.5 82.5 90.5 89.5 90.5],...
    'SBP',[137.5 135.5 135.5 134 129 132 132 130 130 135 134.5 133.5],...
    'PTT',[0.2263 0.2256 0.2292 0.2401 0.253 0.2244 0.2324 0.2346 0.2334 0.2378 0.2326 0.2353]),
    
    %2996 46M
    struct('DBP',[66 71.5 72.5 89 92 95 74.5 72.5 73 78 78 76.5],...
    'SBP',[116 112.5 106.5 123.5 124.5 125 117 115.5 117.5 112 112 117],...
    'PTT',[0.2428 0.2465 0.2656 0.2471 0.2718 0.2487 0.2616 0.2594 0.2552 0.2465 0.272 0.2582]),
    
    %2997 41F
    struct('DBP',[81 85 85.5 81 85 85 87.5 94 93 82 83.5 83.5],...
    'SBP',[138 137 136 138 137 136 147.5 154 153 147.5 149 147.5],...
    'PTT',[0.2462 0.2441 0.2422 0.238 0.236 0.2326 0.2453 0.213 0.2381 0.213,0.212,0.212]),
    
    %3004 39F
    struct('DBP',[63.5 64.5 65 63 58.5 57.5 77 76 72.5 65.5 64 66],...
    'SBP',[97 97.5 99 91 98.5 98.5 123.5 124.5 126 112.5 111 112.5],...
    'PTT',[0.242 0.2522 0.2535 0.2426 0.2447 0.2431 0.2758 0.2744 0.2742 0.2455 0.2298 0.2359]),
    
    %3020 27M
    struct('DBP',[60.5 61 61 58.5 57 61.5 59.5 60.5 62 61 61.5 63],...
    'SBP',[108.5 109.5 109 104.5 105.5 103 109.5 111.5 113.5 116 115.5 114.5],...
    'PTT',[0.2601 0.2683 0.2835 0.2765 0.2786 0.2736 0.2335 0.2317 0.2605 0.2446 0.2436 0.2396]),
    
    %3028 34M
    struct('DBP',[74.5 72.5 71.5 82.5 81 83.5 66 66.5 67 86.5 86 85],...
    'SBP',[126.5 125.5 125 125 125.5 126.5 113 113.5 113.5 127.5 125.5 125],...
    'PTT',[0.2324 0.2268 0.2316 0.2296 0.2328 0.2267 0.2402 0.2294 0.233 0.2302 0.2279 0.2291]),
    
    % 3056 41M
    struct('DBP',[71 79 81 82.5 83 83 70.5 64.5 64.5 73 71.5 71.5],...
    'SBP',[132.5 132.5 131 132.5 134 133 113.5 105 102.5 130.5 132 130],...
    'PTT',[0.2386 0.2397 0.2368 0.2376 0.2398 0.2478 0.2379 0.2324 0.2406 0.2350 0.2396 0.2443]),
    
    %3066 50M
    struct('DBP',[71 71.5 70 61.5 70 74 78.5 78 77 61 62.5 63.5],...
    'SBP',[115.5 116 118.5 118 117 119 125 123.5 125.5 121 122 116],...
    'PTT',[0.2282 0.241 0.2294 0.2349 0.2411 0.2397 0.2188 0.2221 0.2193 0.2488 0.2314 0.2226]),
    
    %3070 35M
    struct('DBP',[73.5 74 73 65.5 68 70.5 79.5 81 82 82 84 81],...
    'SBP',[119 116.5 115.5 107 106.5 108 112.5 115 116.5 125 123.5 124],...
    'PTT',[0.2237 0.228 0.227 0.2408 0.2401 0.265 0.2373 0.2396 0.238 0.2177 0.2189 0.2395]),
    
    %3076 41M
    struct('DBP',[71.5 71 72.5 75 73.5 74.5 82.5 81.5 80.5 73 74 75],...
    'SBP',[119 117.5 118.5 125.5 124.5 125.5 130 125 123 119 117 119],...
    'PTT',[0.2507 0.2547 0.2532 0.2536 0.2554 0.2561 0.2515 0.2442 0.2448 0.2381 0.2359 0.2401]),
    
    %3087 41M
    struct('DBP',[81.5 83 83.5 81.5 79.5 80 74 72.5 71 74.5 70.5 70.5],...
    'SBP',[149 151.5 153.5 150 144 142.5 148 141.5 140.5 144 135 135],...
    'PTT',[0.2403 0.2319 0.2293 0.2344 0.2294 0.2376 0.2447 0.2515 0.2462 0.2309 0.2555 0.2425]),
    
    %3088 37M
    struct('DBP',[60.5 59.5 60 62.5 65.5 65.5 52 51.5 59.5 57.5 56.5 55.5],...
    'SBP',[95.5 95 97 102 99 100.5 100.5 97 100.5 112.5 111 112.5],...
    'PTT',[0.2567 0.2373 0.2382 0.2394 0.268 0.2410 0.2081 0.218 0.2074 0.2293 0.2193 0.2622]),
    
    %3100 49F
    struct('DBP',[62 60.5 62.5 67.5 66 65.5 67 68 68 57.5 64 62],...
    'SBP',[99 98 99.5 101.5 101 102 110.5 111 113.5 109 106.5 108.5],...
    'PTT',[0.2374 0.2381 0.2467 0.2566 0.2618 0.2619 0.2219 0.2239 0.2318 0.2332 0.2347 0.2405]),
    
    %3105 48M
    struct('DBP',[93 89 88.5 114 113 114 102.5 100.5 105 102.5 100.5 105],...
    'SBP',[173.5 172.5 169 166 163 161 153.5 151.5 153 153.5 151.5 153],...
    'PTT',[0.2375 0.2405 0.2166 0.2389 0.2322 0.2378 0.2266 0.2346 0.2294 0.217 0.2321 0.2263]),
    
    % 3110 49F
    struct('DBP',[53 57 56.5 61.5 61 61.5 55.5 55.5 56 60 62 64.5],...
    'SBP',[87 89.5 88.5 99 99.5 101 94.5 95.5 95 97 99.5 100],...
    'PTT',[0.2375 0.2375 0.237 0.2462 0.2453 0.2483 0.2527 0.2508 0.2468 0.2533 0.256 0.2584]),
    
    %3126 45M
    struct('DBP',[78.5 75.5 76 82 80 82 75.5 73.5 74.5 81 77 79],...
    'SBP',[121.5 121.5 123.5 124.5 125 124.5 123 121 123.5 128.5 127.5 127],...
    'PTT',[0.2156 0.2087 0.1983 0.2335 0.2535 0.2363 0.225 0.2184 0.222 0.2329 0.2307 0.241]),
    
    %3127 49M
    struct('DBP',[83.5 83.5 83.5 78 77.5 75.5 75 74.5 71 72 71.5 71.5],...
    'SBP',[127.5 126 126 138 137 135.5 144.5 143 141 113 119.5 119],...
    'PTT',[0.2452 0.2567 0.2289 0.2129 0.2124 0.2172 0.2236 0.2097 0.2024 0.241 0.2403 0.2461]),
    
    % 3130 41F
    struct('DBP',[76.5 77.5 79.5 83 83.5 85 76 72.5 73 83.5 82 81],...
    'SBP',[131 129.5 133.5 129 127.5 128.5 122 117 120 126.5 125 124],...
    'PTT',[0.2963 0.2921 0.2917 0.3113 0.3117 0.3054 0.3112 0.3099 0.315 0.3241 0.2974 0.3326]),
    
    %3131 40F
    struct('DBP',[63.5 68 68 75 74 74 72 71 73.5 64 63 63],...
    'SBP',[111.5 110 110.5 119.5 115 118.5 113 112 113.5 109 106 108.5 ],...
    'PTT',[0.2571 0.2404 0.242 0.2423 0.2489 0.2606 0.2445 0.2499 0.243 0.2847 0.2378 0.256]),
    
    %3136 51M
    struct('DBP',[82.5 82.5 73.5 88.5 87 86.5 82.5 82 82.5 83 82.5 84],...
    'SBP',[138.5 135 131 136.5 131.5 130 135.5 131 129.5 134.5 133 135],...
    'PTT',[0.256 0.2697 0.2209 0.2494 0.2529 0.2496 0.2275 0.227 0.232 0.2472 0.2438 0.234]),
    
    %3148 38M
    struct('DBP',[67.5 70 78 72.5 70.5 69.5 80.5 82.5 81 66 67 67],...
    'SBP',[119.5 118.5 124.5 109.5 108 109 121.5 124 124.5 104 104 107],...
    'PTT',[0.234 0.2248 0.2309 0.2495 0.2336 0.2271 0.2193 0.2284 0.2286 0.2377 0.2344 0.2343]),
    
    %3163 34F
    struct('DBP',[52.5 54 53.5 60 62 64 51.5 53 50 53.5 54.5 56],...
    'SBP',[100 100.5 101 105.5 105 107 92 92.5 95 99 100.5 101.5],...
    'PTT',[0.2645 0.2725 0.2765 0.2566 0.2593 0.2606 0.2718 0.2697 0.2732 0.2371 0.2378 0.2286]),
    
    % 3168 46M
    struct('DBP',[81.5 80.5 80.5 75 71 73.5 67 65.5 65.5 82 80.5 81],...
    'SBP',[126 122.5 122 123.5 122.5 126 121.5 121 121 122 119.5 121],...
    'PTT',[0.2366 0.2326 0.2644 0.2301 0.2302 0.2375 0.23 0.238 0.2399 0.2305 0.23 0.23])
};